  -1.4000000e+02   1.8114547e+03   0.0000000e+00
  -1.0500000e+02   1.7682089e+03   0.0000000e+00
  -7.0000000e+01   1.7251681e+03   0.0000000e+00
  -3.5000000e+01   1.6898990e+03   0.0000000e+00
   0.0000000e+00   1.6521135e+03   0.0000000e+00
   3.5000000e+01   1.6097610e+03   4.1862329e+01
   7.0000000e+01   1.5718497e+03   7.8053602e+01
   1.0500000e+02   1.5423997e+03   9.9329248e+01
   1.4000000e+02   1.5185923e+03   1.1801378e+02
   1.7500000e+02   1.4988473e+03   1.3390473e+02
   2.1000000e+02   1.4840066e+03   1.4533901e+02
   2.4500000e+02   1.4715476e+03   1.5445617e+02
   2.8000000e+02   1.4615201e+03   1.6104589e+02
   3.1500000e+02   1.4541730e+03   1.6369024e+02
   3.5000000e+02   1.4484159e+03   1.6400194e+02
   3.8500000e+02   1.4456199e+03   1.6049580e+02
   4.2000000e+02   1.4455015e+03   1.5473215e+02
   4.5500000e+02   1.4469766e+03   1.4867303e+02
   4.9000000e+02   1.4492356e+03   1.4250041e+02
   5.2500000e+02   1.4503609e+03   1.3715529e+02
   5.6000000e+02   1.4508012e+03   1.3165931e+02
   5.9500000e+02   1.4507595e+03   1.2564469e+02
   6.3000000e+02   1.4471793e+03   1.2156243e+02
   6.6500000e+02   1.4416437e+03   1.1877167e+02
   7.0000000e+02   1.4337696e+03   1.1882683e+02
   7.3500000e+02   1.4238817e+03   1.2107789e+02
   7.7000000e+02   1.4125351e+03   1.2411124e+02
   8.0500000e+02   1.4005322e+03   1.2749954e+02
   8.4000000e+02   1.3890409e+03   1.3127874e+02
   8.7500000e+02   1.3781538e+03   1.3528973e+02
   9.1000000e+02   1.3691619e+03   1.3854796e+02
   9.4500000e+02   1.3606482e+03   1.4178950e+02
   9.8000000e+02   1.3519440e+03   1.4627182e+02
   1.0150000e+03   1.3421819e+03   1.5243760e+02
   1.0500000e+03   1.3322589e+03   1.5864697e+02
   1.0850000e+03   1.3228257e+03   1.6409548e+02
   1.1200000e+03   1.3137696e+03   1.6931126e+02
   1.1550000e+03   1.3069757e+03   1.7150516e+02
   1.1900000e+03   1.3011841e+03   1.7148293e+02
   1.2250000e+03   1.2938296e+03   1.7215570e+02
   1.2600000e+03   1.2859385e+03   1.7278236e+02
   1.2950000e+03   1.2779082e+03   1.7335386e+02
   1.3300000e+03   1.2681557e+03   1.7466178e+02
   1.3650000e+03   1.2575599e+03   1.7662665e+02
   1.4000000e+03   1.2440256e+03   1.8135531e+02
   1.4350000e+03   1.2316424e+03   1.8666921e+02
   1.4700000e+03   1.2200901e+03   1.9358424e+02
   1.5050000e+03   1.2087645e+03   2.0118524e+02
   1.5400000e+03   1.1988331e+03   2.0807953e+02
   1.5750000e+03   1.1904474e+03   2.1399688e+02
   1.6100000e+03   1.1826935e+03   2.1949724e+02
   1.6450000e+03   1.1766710e+03   2.2336637e+02
   1.6800000e+03   1.1717090e+03   2.2588313e+02
   1.7150000e+03   1.1686593e+03   2.2659877e+02
   1.7500000e+03   1.1666025e+03   2.2616393e+02
   1.7850000e+03   1.1651233e+03   2.2531637e+02
   1.8200000e+03   1.1646467e+03   2.2365983e+02
   1.8550000e+03   1.1646675e+03   2.2152793e+02
   1.8900000e+03   1.1649264e+03   2.1932819e+02
   1.9250000e+03   1.1664268e+03   2.1600345e+02
   1.9600000e+03   1.1685234e+03   2.1206994e+02
   1.9950000e+03   1.1706396e+03   2.0747056e+02
   2.0300000e+03   1.1727428e+03   2.0257649e+02
   2.0650000e+03   1.1750852e+03   1.9746892e+02
   2.1000000e+03   1.1770708e+03   1.9279494e+02
   2.1350000e+03   1.1787519e+03   1.8848451e+02
   2.1700000e+03   1.1797612e+03   1.8506231e+02
   2.2050000e+03   1.1806400e+03   1.8186689e+02
   2.2400000e+03   1.1815520e+03   1.7850873e+02
   2.2750000e+03   1.1824951e+03   1.7501552e+02
   2.3100000e+03   1.1837520e+03   1.7106609e+02
   2.3450000e+03   1.1862270e+03   1.6587046e+02
   2.3800000e+03   1.1889312e+03   1.6044992e+02
   2.4150000e+03   1.1924622e+03   1.5422444e+02
   2.4500000e+03   1.1966518e+03   1.4726060e+02
   2.4850000e+03   1.1996412e+03   1.4121637e+02
   2.5200000e+03   1.2026148e+03   1.3470467e+02
   2.5550000e+03   1.2039354e+03   1.2923457e+02
   2.5900000e+03   1.2039711e+03   1.2481317e+02
   2.6250000e+03   1.2012242e+03   1.2296822e+02
   2.6600000e+03   1.1959031e+03   1.2276032e+02
   2.6950000e+03   1.1904653e+03   1.2260181e+02
   2.7300000e+03   1.1837592e+03   1.2324110e+02
   2.7650000e+03   1.1769299e+03   1.2403082e+02
   2.8000000e+03   1.1724319e+03   1.2307452e+02
   2.8350000e+03   1.1691427e+03   1.2099674e+02
   2.8700000e+03   1.1680313e+03   1.1691970e+02
   2.9050000e+03   1.1692746e+03   1.1092956e+02
   2.9400000e+03   1.1723960e+03   1.0285377e+02
   2.9750000e+03   1.1770684e+03   9.3082066e+01
   3.0100000e+03   1.1820366e+03   8.2986831e+01
   3.0450000e+03   1.1858149e+03   7.3772653e+01
   3.0800000e+03   1.1887738e+03   6.4338762e+01
   3.1150000e+03   1.1904826e+03   5.5850382e+01
   3.1500000e+03   1.1914033e+03   4.7972590e+01
   3.1850000e+03   1.1911150e+03   4.0847308e+01
   3.2200000e+03   1.1898526e+03   3.4328228e+01
   3.2550000e+03   1.1880585e+03   2.7748112e+01
   3.2900000e+03   1.1843828e+03   2.2193924e+01
   3.3250000e+03   1.1797622e+03   1.6644285e+01
   3.3600000e+03   1.1744607e+03   1.1027365e+01
   3.3950000e+03   1.1677222e+03   6.0796082e+00
   3.4300000e+03   1.1587913e+03   2.2204459e+00
   3.4650000e+03   1.1485105e+03   0.0000000e+00
   3.5000000e+03   1.1386680e+03   0.0000000e+00
   3.5350000e+03   1.1289654e+03   0.0000000e+00
   3.5700000e+03   1.1201406e+03   0.0000000e+00
   3.6050000e+03   1.1122795e+03   0.0000000e+00
   3.6400000e+03   1.1057083e+03   0.0000000e+00
   3.6750000e+03   1.1000229e+03   0.0000000e+00
   3.7100000e+03   1.0948179e+03   0.0000000e+00
   3.7450000e+03   1.0896839e+03   0.0000000e+00
   3.7800000e+03   1.0858793e+03   0.0000000e+00
   3.8150000e+03   1.0825412e+03   0.0000000e+00
