0 0.018830
2 0.017282
4 0.023299
6 0.029223
8 0.033651
10 0.037440
12 0.040828
14 0.043811
16 0.046977
18 0.049404
20 0.051780
22 0.054128
24 0.056264
26 0.058345
28 0.060118
30 0.062275
32 0.064087
34 0.065943
36 0.067763
38 0.069480
40 0.071198
42 0.072838
44 0.074326
46 0.075844
48 0.077325
50 0.078794
52 0.079800
54 0.081509
56 0.082787
58 0.084171
60 0.085377
62 0.086621
64 0.087862
66 0.089006
68 0.090061
70 0.091230
72 0.092348
74 0.093553
76 0.094518
78 0.095769
80 0.096825
82 0.097813
84 0.098912
86 0.099882
88 0.100837
90 0.101948
92 0.102818
94 0.103966
96 0.104286
98 0.105620
100 0.106831
102 0.107682
104 0.108630
106 0.109538
108 0.110462
110 0.111334
112 0.112183
114 0.113177
116 0.114039
118 0.114870
120 0.115724
122 0.116556
124 0.117284
126 0.118038
128 0.118846
130 0.119652
132 0.120453
134 0.121321
136 0.122100
138 0.122849
140 0.123468
142 0.124281
144 0.125002
146 0.125766
148 0.126459
150 0.127329
152 0.127883
154 0.128720
156 0.129422
158 0.130188
160 0.130604
162 0.131394
164 0.132063
166 0.132845
168 0.133555
170 0.134012
172 0.134960
174 0.135556
176 0.136312
178 0.136838
180 0.137557
182 0.138254
184 0.138916
186 0.139574
188 0.140220
190 0.140924
192 0.141547
194 0.142175
196 0.142833
198 0.143355
200 0.144027
202 0.144599
204 0.145086
206 0.145686
208 0.146317
210 0.146938
212 0.147526
214 0.148137
216 0.148747
218 0.149276
220 0.149803
222 0.150392
224 0.150981
226 0.151675
228 0.152118
230 0.152700
232 0.153282
234 0.153855
236 0.154703
238 0.155340
240 0.155295
242 0.155783
244 0.156877
246 0.157038
248 0.157835
250 0.158140
252 0.158671
254 0.159254
256 0.159821
258 0.160693
260 0.160927
262 0.161488
264 0.162028
266 0.162057
268 0.163275
270 0.163780
272 0.164459
274 0.164859
276 0.165362
278 0.165892
280 0.166404
282 0.166919
284 0.167431
286 0.167677
288 0.168213
290 0.168713
292 0.169468
294 0.169958
296 0.169995
298 0.170618
300 0.171169
302 0.170955
304 0.171976
306 0.172463
308 0.172916
310 0.173403
312 0.173886
314 0.174386
316 0.174442
318 0.174997
320 0.175934
322 0.175822
324 0.177382
326 0.176925
328 0.177390
330 0.177913
332 0.178369
334 0.178826
336 0.179706
338 0.180143
340 0.179961
342 0.181249
344 0.180797
346 0.182402
348 0.181774
350 0.182594
352 0.183595
354 0.183430
356 0.183715
358 0.184272
360 0.184422
362 0.184849
364 0.185100
366 0.186067
368 0.186329
370 0.187680
372 0.187069
374 0.188396
376 0.188384
378 0.188496
380 0.188753
382 0.189164
384 0.189152
386 0.190251
388 0.190741
390 0.190869
392 0.191572
394 0.191339
396 0.192003
398 0.192406
400 0.193057
402 0.194091
404 0.193764
406 0.194463
408 0.194703
410 0.195066
412 0.195227
414 0.195384
416 0.196127
418 0.196548
420 0.196997
422 0.197484
424 0.197844
426 0.198455
428 0.198632
430 0.198815
432 0.199602
434 0.199684
436 0.199978
438 0.200452
440 0.200721
442 0.201311
444 0.201293
446 0.202617
448 0.202146
450 0.202580
452 0.202942
454 0.203358
456 0.203652
458 0.204260
460 0.204357
462 0.205561
464 0.205152
466 0.206081
468 0.206100
470 0.206481
472 0.206868
474 0.207333
476 0.207233
478 0.207566
480 0.208823
482 0.208934
484 0.208920
486 0.209338
488 0.209552
490 0.210086
492 0.210436
494 0.210801
496 0.211206
498 0.211037
500 0.211685
502 0.211975
504 0.212345
506 0.212786
508 0.213156
510 0.213808
512 0.213936
514 0.214121
516 0.214766
518 0.214982
520 0.215372
522 0.216456
524 0.215771
526 0.216757
528 0.216498
530 0.217134
532 0.217474
534 0.218212
536 0.218131
538 0.218533
540 0.218949
542 0.219311
544 0.219681
546 0.220008
548 0.220363
550 0.220669
552 0.221089
554 0.221321
556 0.221804
558 0.221701
560 0.222689
562 0.222626
564 0.222938
566 0.223251
568 0.223620
570 0.223959
572 0.224310
574 0.224588
576 0.224866
578 0.225502
580 0.225764
582 0.226107
584 0.226298
586 0.226741
588 0.226879
590 0.227147
592 0.227468
594 0.227899
596 0.228576
598 0.228446
600 0.229123
602 0.229166
604 0.229883
606 0.229823
608 0.230285
610 0.230274
612 0.230751
614 0.231495
616 0.231844
618 0.231522
620 0.232621
622 0.232330
624 0.233158
626 0.233378
628 0.233520
630 0.233857
632 0.234260
634 0.234240
636 0.234540
638 0.234943
640 0.235334
642 0.235671
644 0.235584
646 0.235790
648 0.236712
650 0.236969
652 0.237689
654 0.237483
656 0.238179
658 0.238480
660 0.238623
662 0.238935
664 0.239235
666 0.239551
668 0.239870
670 0.239886
672 0.240568
674 0.240455
676 0.241126
678 0.241506
680 0.241243
682 0.241831
684 0.242401
686 0.242404
688 0.242763
690 0.243173
692 0.243024
694 0.243494
696 0.243760
698 0.243978
700 0.244285
702 0.244596
704 0.245171
706 0.244965
708 0.246004
710 0.246259
712 0.246277
714 0.246684
716 0.247188
718 0.247471
720 0.247406
722 0.247908
724 0.248272
726 0.248561
728 0.248766
730 0.249013
732 0.250058
734 0.250257
736 0.250834
738 0.251035
740 0.251195
742 0.251365
744 0.251838
746 0.252107
